	CreateDynamicObject(18275,-298.66015625,1506.69140625,76.63683319,0.00000000,0.00000000,0.00000000, -1, -1, -1, 500); //object(cw2_mtbfinish) (1)
	CreateDynamicObject(18275,-305.72528076,1506.70825195,76.63101196,0.00000000,0.00000000,0.00000000, -1, -1, -1, 500); //object(cw2_mtbfinish) (2)
	CreateDynamicObject(16092,-300.95996094,1490.24707031,74.00608826,0.00000000,0.00000000,272.75207520, -1, -1, -1, 500); //object(des_pipestrut05) (1)
	CreateDynamicObject(3281,-295.71337891,1504.17248535,75.41996765,0.00000000,355.50000000,270.30029297, -1, -1, -1, 500); //object(mtb_banner1) (1)
	CreateDynamicObject(3281,-295.05929565,1493.37573242,75.62093353,0.00000000,0.00000000,274.28112793, -1, -1, -1, 500); //object(mtb_banner1) (3)
	CreateDynamicObject(3281,-295.53125000,1500.55761719,75.57463074,0.00000000,0.00000000,276.26220703, -1, -1, -1, 500); //object(mtb_banner1) (4)
	CreateDynamicObject(3281,-295.26464844,1496.96777344,75.58135223,0.00000000,0.00000000,272.29614258, -1, -1, -1, 500); //object(mtb_banner1) (5)
	CreateDynamicObject(3281,-294.81097412,1509.16918945,75.58325958,0.00000000,0.00000000,238.32226562, -1, -1, -1, 500); //object(mtb_banner1) (6)
	CreateDynamicObject(3281,-292.51803589,1511.87255859,75.58089447,0.00000000,0.00000000,222.44104004, -1, -1, -1, 500); //object(mtb_banner1) (7)
	CreateDynamicObject(3281,-289.82015991,1514.28417969,75.58325958,0.00000000,0.00000000,222.44018555, -1, -1, -1, 500); //object(mtb_banner1) (8)
	CreateDynamicObject(3281,-284.49981689,1519.08325195,75.58325958,0.00000000,0.00000000,222.44018555, -1, -1, -1, 500); //object(mtb_banner1) (10)
	CreateDynamicObject(3281,-281.82086182,1521.47412109,75.58325958,0.00000000,0.00000000,222.44018555, -1, -1, -1, 500); //object(mtb_banner1) (11)
	CreateDynamicObject(3281,-279.15634155,1523.86181641,75.58325958,0.00000000,0.00000000,222.44018555, -1, -1, -1, 500); //object(mtb_banner1) (12)
	CreateDynamicObject(3281,-276.48980713,1526.24975586,75.58325958,0.00000000,0.00000000,222.44018555, -1, -1, -1, 500); //object(mtb_banner1) (13)
	CreateDynamicObject(3281,-273.85894775,1528.69067383,75.58325958,0.00000000,0.00000000,224.42517090, -1, -1, -1, 500); //object(mtb_banner1) (14)
	CreateDynamicObject(3281,-271.26782227,1531.14843750,75.58325958,0.00000000,0.00000000,224.42321777, -1, -1, -1, 500); //object(mtb_banner1) (15)
	CreateDynamicObject(3281,-287.17089844,1516.69726562,75.58325958,0.00000000,0.00000000,222.44018555, -1, -1, -1, 500); //object(mtb_banner1) (9)
	CreateDynamicObject(3281,-347.29992676,1513.06933594,75.53014374,0.00000000,0.00000000,100.76544189, -1, -1, -1, 500); //object(mtb_banner1) (9)
	CreateDynamicObject(3281,-347.73181152,1520.22851562,75.58325958,0.00000000,0.00000000,90.83496094, -1, -1, -1, 500); //object(mtb_banner1) (9)
	CreateDynamicObject(3281,-347.65716553,1516.63195801,75.58325958,0.00000000,0.00000000,90.83496094, -1, -1, -1, 500); //object(mtb_banner1) (9)
	CreateDynamicObject(3281,-348.70828247,1523.58593750,75.58089447,0.00000000,0.00000000,120.69989014, -1, -1, -1, 500); //object(mtb_banner1) (9)
	CreateDynamicObject(3281,-349.52719116,1526.91748047,75.45513916,0.00000000,2.00000000,86.81582642, -1, -1, -1, 500); //object(mtb_banner1) (9)
	CreateDynamicObject(3281,-349.23638916,1530.50268555,75.38013458,0.00000000,0.00000000,82.84399414, -1, -1, -1, 500); //object(mtb_banner1) (9)
	CreateDynamicObject(3281,-347.70013428,1533.47167969,75.38013458,0.00000000,0.00000000,41.11260986, -1, -1, -1, 500); //object(mtb_banner1) (9)
	CreateDynamicObject(3281,-309.85531616,1509.01794434,75.58325958,0.00000000,0.00000000,128.22167969, -1, -1, -1, 500); //object(mtb_banner1) (9)
	CreateDynamicObject(3281,-312.72845459,1510.85522461,75.58325958,0.00000000,0.00000000,166.07128906, -1, -1, -1, 500); //object(mtb_banner1) (9)
	CreateDynamicObject(3281,-316.26821899,1511.25158691,75.58325958,0.00000000,0.00000000,179.96423340, -1, -1, -1, 500); //object(mtb_banner1) (9)
	CreateDynamicObject(3281,-319.85263062,1511.22509766,75.58325958,0.00000000,0.00000000,179.96154785, -1, -1, -1, 500); //object(mtb_banner1) (9)
	CreateDynamicObject(3281,-323.45703125,1511.19726562,75.58325958,0.00000000,0.00000000,179.96154785, -1, -1, -1, 500); //object(mtb_banner1) (9)
	CreateDynamicObject(3281,-327.07324219,1511.17089844,75.58325958,0.00000000,0.00000000,179.96154785, -1, -1, -1, 500); //object(mtb_banner1) (9)
	CreateDynamicObject(3281,-330.65832520,1511.16699219,75.58325958,0.00000000,0.00000000,179.96154785, -1, -1, -1, 500); //object(mtb_banner1) (9)
	CreateDynamicObject(3281,-344.07409668,1549.67932129,75.58325958,0.00000000,0.00000000,359.46618652, -1, -1, -1, 500); //object(mtb_banner1) (9)
	CreateDynamicObject(3281,-337.84732056,1511.13354492,75.58325958,0.00000000,0.00000000,179.96154785, -1, -1, -1, 500); //object(mtb_banner1) (9)
	CreateDynamicObject(3281,-341.45111084,1511.13073730,75.58325958,0.00000000,0.00000000,179.96154785, -1, -1, -1, 500); //object(mtb_banner1) (9)
	CreateDynamicObject(3281,-345.05133057,1511.20495605,75.53325653,0.00000000,0.00000000,176.50659180, -1, -1, -1, 500); //object(mtb_banner1) (9)
	CreateDynamicObject(1348,-345.52774048,1535.52551270,75.26502991,0.00000000,0.00000000,0.00000000, -1, -1, -1, 500); //object(cj_o2tanks) (1)
	CreateDynamicObject(3633,-340.05026245,1548.34460449,75.03730011,0.00000000,0.00000000,0.00000000, -1, -1, -1, 500); //object(imoildrum4_las) (1)
	CreateDynamicObject(3633,-341.34402466,1548.37548828,75.03730011,0.00000000,0.00000000,23.81982422, -1, -1, -1, 500); //object(imoildrum4_las) (2)
	CreateDynamicObject(3633,-340.64022827,1548.28417969,75.98509979,0.00000000,0.00000000,318.04345703, -1, -1, -1, 500); //object(imoildrum4_las) (3)
	CreateDynamicObject(1262,-297.85943604,1491.22204590,81.47664642,0.00000000,0.00000000,0.00000000, -1, -1, -1, 500); //object(mtraffic4) (1)
	CreateDynamicObject(1262,-299.48098755,1491.16906738,81.47664642,0.00000000,0.00000000,0.00000000, -1, -1, -1, 500); //object(mtraffic4) (2)
	CreateDynamicObject(1262,-300.89062500,1491.07617188,81.47664642,0.00000000,0.00000000,0.00000000, -1, -1, -1, 500); //object(mtraffic4) (3)
	CreateDynamicObject(1262,-303.93493652,1490.85498047,81.47664642,0.00000000,0.00000000,0.00000000, -1, -1, -1, 500); //object(mtraffic4) (4)
	CreateDynamicObject(955,-303.33605957,1538.65270996,74.96252441,0.00000000,0.00000000,47.81799316, -1, -1, -1, 500); //object(cj_ext_sprunk) (1)
	CreateDynamicObject(1370,-340.57083130,1548.39465332,77.00170898,0.00000000,0.00000000,0.00000000, -1, -1, -1, 500); //object(cj_flame_drum) (1)
	CreateDynamicObject(1437,-318.16833496,1536.61791992,74.56250000,0.00000000,0.00000000,0.00000000, -1, -1, -1, 500); //object(dyn_ladder_2) (1)
	CreateDynamicObject(1521,-308.50094604,1538.26623535,75.72425842,0.00000000,0.00000000,45.83502197, -1, -1, -1, 500); //object(dyn_scaff2_cover) (1)
	CreateDynamicObject(8674,-333.99966431,1545.30895996,76.02941895,0.00000000,0.00000000,0.00000000, -1, -1, -1, 500); //object(csrsfence02_lvs) (1)
	CreateDynamicObject(8674,-314.30258179,1547.51477051,76.02941895,0.00000000,0.00000000,41.81988525, -1, -1, -1, 500); //object(csrsfence02_lvs) (2)
	CreateDynamicObject(18074,-293.65032959,1541.71313477,74.70201874,0.00000000,0.00000000,44.65478516, -1, -1, -1, 500); //object(donut_rail) (1)
	CreateDynamicObject(18074,-296.32064819,1534.73388672,74.70201874,0.00000000,0.00000000,89.94384766, -1, -1, -1, 500); //object(donut_rail) (2)
	CreateDynamicObject(18074,-306.57043457,1534.70996094,74.70201874,0.00000000,0.00000000,89.93957520, -1, -1, -1, 500); //object(donut_rail) (3)
	CreateDynamicObject(18074,-316.76684570,1534.70349121,74.70201874,0.00000000,0.00000000,89.93957520, -1, -1, -1, 500); //object(donut_rail) (4)
	CreateDynamicObject(18074,-327.03289795,1534.74060059,74.70201874,0.00000000,0.00000000,89.93957520, -1, -1, -1, 500); //object(donut_rail) (5)
	CreateDynamicObject(16151,-299.52160645,1541.57153320,74.88742828,0.00000000,0.00000000,135.56500244, -1, -1, -1, 500); //object(ufo_bar) (1)
	CreateDynamicObject(1432,-298.08212280,1536.39746094,74.56250000,0.00000000,0.00000000,0.00000000, -1, -1, -1, 500); //object(dyn_table_2) (1)
	CreateDynamicObject(1810,-329.81900024,1536.79907227,75.61170959,0.00000000,0.00000000,35.72976685, -1, -1, -1, 500); //object(cj_foldchair) (1)
	CreateDynamicObject(2802,-293.56729126,1538.52587891,74.89276123,0.00000000,0.00000000,0.00000000, -1, -1, -1, 500); //object(castable1) (1)
	CreateDynamicObject(2800,-293.50390625,1538.48828125,75.05368805,0.00000000,0.00000000,0.00000000, -1, -1, -1, 500); //object(castable2top) (1)
	CreateDynamicObject(3506,-292.06921387,1494.22766113,75.03724670,0.00000000,0.00000000,0.00000000, -1, -1, -1, 500); //object(vgsn_nitree_y02) (1)
	CreateDynamicObject(3506,-292.35836792,1503.09875488,74.94295502,0.00000000,0.00000000,0.00000000, -1, -1, -1, 500); //object(vgsn_nitree_y02) (2)
	CreateDynamicObject(3506,-309.61984253,1502.13696289,74.59343719,0.00000000,0.00000000,0.00000000, -1, -1, -1, 500); //object(vgsn_nitree_y02) (3)
	CreateDynamicObject(3506,-308.98599243,1493.70959473,74.74890900,0.00000000,0.00000000,0.00000000, -1, -1, -1, 500); //object(vgsn_nitree_y02) (4)
	CreateDynamicObject(3511,-369.78485107,1477.32263184,62.31079102,0.00000000,0.00000000,0.00000000, -1, -1, -1, 500); //object(vgsn_nitree_b01) (2)
	CreateDynamicObject(2048,-302.17877197,1507.25610352,77.41907501,0.00000000,0.00000000,179.57043457, -1, -1, -1, 500); //object(cj_flag2) (1)
	CreateDynamicObject(7520,-287.17187500,1551.37500000,74.35937500,0.00000000,0.00000000,314.91210938, -1, -1, -1, 500); //object(vgnlowbuild203) (1)
	CreateDynamicObject(3281,-307.23684692,1492.74694824,75.56694031,0.00000000,358.75000000,94.82135010, -1, -1, -1, 500); //object(mtb_banner1) (5)
	CreateDynamicObject(3281,-307.55273438,1496.32617188,75.61750793,0.00000000,358.99475098,94.81201172, -1, -1, -1, 500); //object(mtb_banner1) (5)
	CreateDynamicObject(3281,-307.89883423,1499.89672852,75.55285645,0.00000000,359.49206543,95.56201172, -1, -1, -1, 500); //object(mtb_banner1) (5)
	CreateDynamicObject(3281,-308.32666016,1503.48522949,75.50608063,0.00000000,0.73913574,95.30908203, -1, -1, -1, 500); //object(mtb_banner1) (5)
	CreateDynamicObject(3281,-313.32171631,1561.23681641,75.58325958,0.00000000,0.00000000,128.17150879, -1, -1, -1, 500); //object(mtb_banner1) (9)
	CreateDynamicObject(3281,-315.67190552,1563.93457031,75.58325958,0.00000000,0.00000000,133.13641357, -1, -1, -1, 500); //object(mtb_banner1) (9)
	CreateDynamicObject(3281,-318.15042114,1566.56030273,75.58325958,0.00000000,0.00000000,133.38232422, -1, -1, -1, 500); //object(mtb_banner1) (9)
	CreateDynamicObject(3281,-319.17031860,1569.58496094,75.53014374,0.00000000,0.00000000,79.60461426, -1, -1, -1, 500); //object(mtb_banner1) (9)
	CreateDynamicObject(3281,-317.61849976,1572.63159180,75.58325958,0.00000000,0.00000000,45.67645264, -1, -1, -1, 500); //object(mtb_banner1) (9)
	CreateDynamicObject(3281,-315.09576416,1575.19799805,75.58325958,0.00000000,0.00000000,44.19067383, -1, -1, -1, 500); //object(mtb_banner1) (9)
	CreateDynamicObject(3281,-312.54360962,1577.72924805,75.58325958,0.00000000,0.00000000,44.18701172, -1, -1, -1, 500); //object(mtb_banner1) (9)
	CreateDynamicObject(3281,-309.99514771,1580.27453613,75.58325958,0.00000000,0.00000000,44.93701172, -1, -1, -1, 500); //object(mtb_banner1) (9)
	CreateDynamicObject(3281,-307.51040649,1582.88854980,75.58325958,0.00000000,0.00000000,46.91906738, -1, -1, -1, 500); //object(mtb_banner1) (9)
	CreateDynamicObject(3281,-304.98577881,1585.46325684,75.58325958,0.00000000,0.00000000,43.43212891, -1, -1, -1, 500); //object(mtb_banner1) (9)
	CreateDynamicObject(3281,-299.62115479,1583.25561523,75.58355713,0.00000000,0.00000000,314.28906250, -1, -1, -1, 500); //object(mtb_banner1) (9)
	CreateDynamicObject(3281,-302.29882812,1585.61621094,75.50514221,0.00000000,0.00000000,321.72363281, -1, -1, -1, 500); //object(mtb_banner1) (9)
	CreateDynamicObject(3281,-297.04962158,1580.73291016,75.58446503,0.00000000,0.00000000,316.27087402, -1, -1, -1, 500); //object(mtb_banner1) (9)
	CreateDynamicObject(3281,-294.48135376,1578.24169922,75.58589172,0.00000000,0.00000000,314.76892090, -1, -1, -1, 500); //object(mtb_banner1) (9)
	CreateDynamicObject(3281,-293.66683960,1575.19299316,75.60514832,0.00000000,0.00000000,254.76562500, -1, -1, -1, 500); //object(mtb_banner1) (9)
	CreateDynamicObject(3281,-334.25976562,1511.15625000,75.58325958,0.00000000,0.00000000,179.96154785, -1, -1, -1, 500); //object(mtb_banner1) (9)
	CreateDynamicObject(1238,-311.29766846,1401.69189453,71.41777039,0.00000000,0.00000000,0.00000000, -1, -1, -1, 500); //object(trafficcone) (1)
	CreateDynamicObject(1238,-308.47787476,1401.30957031,71.51658630,0.00000000,0.00000000,0.00000000, -1, -1, -1, 500); //object(trafficcone) (2)
	CreateDynamicObject(1238,-306.17224121,1401.58349609,71.60572815,0.00000000,0.00000000,0.00000000, -1, -1, -1, 500); //object(trafficcone) (3)
	CreateDynamicObject(1238,-304.57519531,1402.35717773,71.62454987,0.00000000,0.00000000,0.00000000, -1, -1, -1, 500); //object(trafficcone) (4)
	CreateDynamicObject(1238,-303.44628906,1403.33886719,71.61802673,0.00000000,0.00000000,0.00000000, -1, -1, -1, 500); //object(trafficcone) (5)
	CreateDynamicObject(1238,-302.47079468,1405.00268555,71.60337067,0.00000000,0.00000000,0.00000000, -1, -1, -1, 500); //object(trafficcone) (6)
	CreateDynamicObject(1238,-309.98339844,1401.49865723,71.46446228,0.00000000,0.00000000,0.00000000, -1, -1, -1, 500); //object(trafficcone) (7)
	CreateDynamicObject(1238,-307.39743042,1401.42321777,71.58328247,0.00000000,0.00000000,0.00000000, -1, -1, -1, 500); //object(trafficcone) (8)
	CreateDynamicObject(1238,-301.95220947,1406.49523926,71.59165955,0.00000000,0.00000000,0.00000000, -1, -1, -1, 500); //object(trafficcone) (9)
	CreateDynamicObject(1238,-301.48696899,1407.99841309,71.57765198,0.00000000,0.00000000,0.00000000, -1, -1, -1, 500); //object(trafficcone) (10)
	CreateDynamicObject(1238,-312.04092407,1402.69970703,71.12748718,0.00000000,0.00000000,0.00000000, -1, -1, -1, 500); //object(trafficcone) (11)
	CreateDynamicObject(1238,-356.70385742,1457.84252930,63.54178238,0.00000000,0.00000000,0.00000000, -1, -1, -1, 500); //object(trafficcone) (12)
	CreateDynamicObject(1238,-360.32919312,1458.51147461,63.25307846,0.00000000,0.00000000,0.00000000, -1, -1, -1, 500); //object(trafficcone) (13)
	CreateDynamicObject(1238,-364.08627319,1458.38598633,62.80887604,0.00000000,0.00000000,0.00000000, -1, -1, -1, 500); //object(trafficcone) (14)
	CreateDynamicObject(1238,-367.40560913,1457.78125000,62.26379395,0.00000000,0.00000000,0.00000000, -1, -1, -1, 500); //object(trafficcone) (15)
	CreateDynamicObject(1238,-369.09280396,1457.04553223,61.90884018,0.00000000,0.00000000,0.00000000, -1, -1, -1, 500); //object(trafficcone) (16)
	CreateDynamicObject(1238,-370.51928711,1456.20166016,61.59343338,0.00000000,0.00000000,0.00000000, -1, -1, -1, 500); //object(trafficcone) (17)
	CreateDynamicObject(1238,-371.61541748,1455.25988770,61.32390976,0.00000000,0.00000000,0.00000000, -1, -1, -1, 500); //object(trafficcone) (18)
	CreateDynamicObject(1238,-373.55221558,1450.08618164,60.84804153,0.00000000,0.00000000,0.00000000, -1, -1, -1, 500); //object(trafficcone) (19)
	CreateDynamicObject(1238,-372.19976807,1445.53833008,60.60423279,0.00000000,0.00000000,0.00000000, -1, -1, -1, 500); //object(trafficcone) (20)
	CreateDynamicObject(1238,-372.65026855,1447.05224609,60.68487167,0.00000000,0.00000000,0.00000000, -1, -1, -1, 500); //object(trafficcone) (21)
	CreateDynamicObject(1238,-373.09408569,1448.56518555,60.76591110,0.00000000,0.00000000,0.00000000, -1, -1, -1, 500); //object(trafficcone) (22)
	CreateDynamicObject(1238,-358.55770874,1458.18041992,63.38511276,0.00000000,0.00000000,0.00000000, -1, -1, -1, 500); //object(trafficcone) (23)
	CreateDynamicObject(1238,-362.36608887,1458.44543457,62.99996185,0.00000000,0.00000000,0.00000000, -1, -1, -1, 500); //object(trafficcone) (24)
	CreateDynamicObject(1238,-365.69049072,1458.11608887,62.57028580,0.00000000,0.00000000,0.00000000, -1, -1, -1, 500); //object(trafficcone) (25)
	CreateDynamicObject(1238,-373.24926758,1451.65930176,60.91929626,0.00000000,0.00000000,0.00000000, -1, -1, -1, 500); //object(trafficcone) (28)
	CreateDynamicObject(1238,-372.34451294,1454.10998535,61.14151382,0.00000000,0.00000000,0.00000000, -1, -1, -1, 500); //object(trafficcone) (29)
	CreateDynamicObject(1238,-372.85577393,1453.02905273,60.98354721,0.00000000,0.00000000,0.00000000, -1, -1, -1, 500); //object(trafficcone) (30)
	CreateDynamicObject(1238,-329.39895630,1322.10058594,51.89086914,0.00000000,0.00000000,0.00000000, -1, -1, -1, 500); //object(trafficcone) (31)
	CreateDynamicObject(1238,-371.72949219,1443.81738281,60.50957108,0.00000000,0.00000000,0.00000000, -1, -1, -1, 500); //object(trafficcone) (32)
	CreateDynamicObject(1238,-328.11041260,1322.81518555,52.25366974,0.00000000,0.00000000,0.00000000, -1, -1, -1, 500); //object(trafficcone) (33)
	CreateDynamicObject(1238,-326.30532837,1325.41882324,52.92094421,0.00000000,0.00000000,0.00000000, -1, -1, -1, 500); //object(trafficcone) (34)
	CreateDynamicObject(1238,-332.28628540,1322.19812012,51.35661697,0.00000000,0.00000000,0.00000000, -1, -1, -1, 500); //object(trafficcone) (35)
	CreateDynamicObject(1238,-335.69729614,1323.56030273,50.88260651,0.00000000,0.00000000,0.00000000, -1, -1, -1, 500); //object(trafficcone) (36)
	CreateDynamicObject(1238,-326.00503540,1328.94506836,53.30167770,0.00000000,0.00000000,0.00000000, -1, -1, -1, 500); //object(trafficcone) (37)
	CreateDynamicObject(1238,-326.12808228,1327.07495117,53.09842300,0.00000000,0.00000000,0.00000000, -1, -1, -1, 500); //object(trafficcone) (38)
	CreateDynamicObject(1238,-333.83752441,1322.79479980,51.13758850,0.00000000,0.00000000,0.00000000, -1, -1, -1, 500); //object(trafficcone) (39)
	CreateDynamicObject(1238,-327.03396606,1324.01550293,52.59884262,0.00000000,0.00000000,0.00000000, -1, -1, -1, 500); //object(trafficcone) (40)
	CreateDynamicObject(1238,-330.85299683,1322.02929688,51.60293198,0.00000000,0.00000000,0.00000000, -1, -1, -1, 500); //object(trafficcone) (41)
	CreateDynamicObject(1238,-433.55151367,1451.01379395,33.34466171,0.00000000,0.00000000,0.00000000, -1, -1, -1, 500); //object(trafficcone) (43)
	CreateDynamicObject(1238,-436.10742188,1452.08984375,33.26166153,0.00000000,0.00000000,0.00000000, -1, -1, -1, 500); //object(trafficcone) (44)
	CreateDynamicObject(1238,-434.90014648,1451.56420898,33.31760788,0.00000000,0.00000000,0.00000000, -1, -1, -1, 500); //object(trafficcone) (45)
	CreateDynamicObject(1238,-432.25537109,1451.71862793,33.41331100,0.00000000,0.00000000,0.00000000, -1, -1, -1, 500); //object(trafficcone) (46)
	CreateDynamicObject(1238,-430.88641357,1452.47460938,33.48628616,0.00000000,0.00000000,0.00000000, -1, -1, -1, 500); //object(trafficcone) (47)
	CreateDynamicObject(1238,-436.43325806,1453.54992676,33.27788925,0.00000000,0.00000000,0.00000000, -1, -1, -1, 500); //object(trafficcone) (48)
	CreateDynamicObject(1238,-437.19372559,1456.64465332,33.30741501,0.00000000,0.00000000,0.00000000, -1, -1, -1, 500); //object(trafficcone) (49)
	CreateDynamicObject(1238,-400.29016113,1902.53637695,57.31188965,0.00000000,0.00000000,0.00000000, -1, -1, -1, 500); //object(trafficcone) (51)
	CreateDynamicObject(1238,-403.93176270,1907.43969727,57.60702515,0.00000000,0.00000000,0.00000000, -1, -1, -1, 500); //object(trafficcone) (52)
	CreateDynamicObject(1238,-409.40554810,1910.27319336,57.41780472,0.00000000,0.00000000,0.00000000, -1, -1, -1, 500); //object(trafficcone) (53)
	CreateDynamicObject(1238,-415.64929199,1910.55676270,57.13519669,0.00000000,0.00000000,0.00000000, -1, -1, -1, 500); //object(trafficcone) (54)
	CreateDynamicObject(1238,-421.33706665,1908.06237793,57.08816147,0.00000000,0.00000000,0.00000000, -1, -1, -1, 500); //object(trafficcone) (55)
	CreateDynamicObject(1238,-424.89614868,1903.28442383,57.62464905,0.00000000,0.00000000,0.00000000, -1, -1, -1, 500); //object(trafficcone) (56)
	CreateDynamicObject(1238,-418.50796509,1909.47607422,57.08755875,0.00000000,0.00000000,0.00000000, -1, -1, -1, 500); //object(trafficcone) (57)
	CreateDynamicObject(1238,-423.16458130,1905.91491699,57.31736374,0.00000000,0.00000000,0.00000000, -1, -1, -1, 500); //object(trafficcone) (58)
	CreateDynamicObject(1238,-412.35983276,1910.48120117,57.28153229,0.00000000,0.00000000,0.00000000, -1, -1, -1, 500); //object(trafficcone) (59)
	CreateDynamicObject(1238,-406.59384155,1908.89697266,57.50628281,0.00000000,0.00000000,0.00000000, -1, -1, -1, 500); //object(trafficcone) (60)
	CreateDynamicObject(1238,-402.01910400,1904.92077637,57.45523453,0.00000000,0.00000000,0.00000000, -1, -1, -1, 500); //object(trafficcone) (61)
	CreateDynamicObject(1238,-399.03387451,1893.89611816,56.20718765,0.00000000,0.00000000,0.00000000, -1, -1, -1, 500); //object(trafficcone) (62)
	CreateDynamicObject(1238,-399.67669678,1898.24267578,56.76612091,0.00000000,0.00000000,0.00000000, -1, -1, -1, 500); //object(trafficcone) (63)
	CreateDynamicObject(1238,-426.48330688,1895.30554199,58.94201279,0.00000000,0.00000000,0.00000000, -1, -1, -1, 500); //object(trafficcone) (64)
	CreateDynamicObject(1238,-425.71325684,1899.62854004,58.23505402,0.00000000,0.00000000,0.00000000, -1, -1, -1, 500); //object(trafficcone) (65)
	CreateDynamicObject(1238,-430.37969971,1783.12072754,70.69570923,0.00000000,0.00000000,0.00000000, -1, -1, -1, 500); //object(trafficcone) (66)
	CreateDynamicObject(1238,-431.71026611,1777.13940430,71.34028625,0.00000000,0.00000000,0.00000000, -1, -1, -1, 500); //object(trafficcone) (67)
	CreateDynamicObject(1238,-436.80703735,1771.08947754,71.53797913,0.00000000,0.00000000,0.00000000, -1, -1, -1, 500); //object(trafficcone) (68)
	CreateDynamicObject(1238,-527.05456543,2002.74621582,59.73812866,0.00000000,0.00000000,0.00000000, -1, -1, -1, 500); //object(trafficcone) (69)
	CreateDynamicObject(1238,-451.13449097,1766.49035645,71.55716705,0.00000000,0.00000000,0.00000000, -1, -1, -1, 500); //object(trafficcone) (70)
	CreateDynamicObject(1238,-456.03814697,1769.22827148,71.98884583,0.00000000,0.00000000,0.00000000, -1, -1, -1, 500); //object(trafficcone) (71)
	CreateDynamicObject(1238,-458.74462891,1772.25891113,72.50803375,0.00000000,0.00000000,0.00000000, -1, -1, -1, 500); //object(trafficcone) (72)
	CreateDynamicObject(1238,-459.73846436,1776.53552246,72.96438599,0.00000000,0.00000000,0.00000000, -1, -1, -1, 500); //object(trafficcone) (73)
	CreateDynamicObject(1238,-453.71557617,1767.79284668,71.75901794,0.00000000,0.00000000,0.00000000, -1, -1, -1, 500); //object(trafficcone) (74)
	CreateDynamicObject(1238,-447.82394409,1766.57067871,71.52941895,0.00000000,0.00000000,0.00000000, -1, -1, -1, 500); //object(trafficcone) (75)
	CreateDynamicObject(1238,-441.80725098,1768.47485352,71.52555084,0.00000000,0.00000000,0.00000000, -1, -1, -1, 500); //object(trafficcone) (76)
	CreateDynamicObject(1238,-439.27508545,1769.70812988,71.52587891,0.00000000,0.00000000,0.00000000, -1, -1, -1, 500); //object(trafficcone) (77)
	CreateDynamicObject(1238,-434.65783691,1773.20605469,71.44698334,0.00000000,0.00000000,0.00000000, -1, -1, -1, 500); //object(trafficcone) (78)
	CreateDynamicObject(1238,-432.93698120,1775.22180176,71.38320160,0.00000000,0.00000000,0.00000000, -1, -1, -1, 500); //object(trafficcone) (79)
	CreateDynamicObject(1238,-431.15081787,1779.08801270,71.11286926,0.00000000,0.00000000,0.00000000, -1, -1, -1, 500); //object(trafficcone) (80)
	CreateDynamicObject(1238,-430.60595703,1781.17114258,70.88894653,0.00000000,0.00000000,0.00000000, -1, -1, -1, 500); //object(trafficcone) (81)
	CreateDynamicObject(1238,-457.43310547,1770.67724609,72.23572540,0.00000000,0.00000000,0.00000000, -1, -1, -1, 500); //object(trafficcone) (82)
	CreateDynamicObject(1238,-459.36911011,1774.47863770,72.74475098,0.00000000,0.00000000,0.00000000, -1, -1, -1, 500); //object(trafficcone) (83)
	CreateDynamicObject(1238,-1211.80053711,1807.81652832,40.89518356,0.00000000,0.00000000,0.00000000, -1, -1, -1, 500); //object(trafficcone) (89)
	CreateDynamicObject(1238,-1209.61621094,1807.55664062,40.91867065,0.00000000,0.00000000,0.00000000, -1, -1, -1, 500); //object(trafficcone) (90)
	CreateDynamicObject(1238,-1211.63452148,1809.34960938,40.94654846,0.00000000,0.00000000,0.00000000, -1, -1, -1, 500); //object(trafficcone) (91)
	CreateDynamicObject(1238,-1211.42053223,1811.12500000,41.02624130,0.00000000,0.00000000,0.00000000, -1, -1, -1, 500); //object(trafficcone) (92)
	CreateDynamicObject(1238,-1207.70178223,1807.26257324,40.94733810,0.00000000,0.00000000,0.00000000, -1, -1, -1, 500); //object(trafficcone) (93)
	CreateDynamicObject(1238,-1190.58312988,1830.55126953,41.01932144,0.00000000,0.00000000,0.00000000, -1, -1, -1, 500); //object(trafficcone) (95)
	CreateDynamicObject(1238,-1191.72229004,1830.01513672,41.03623199,0.00000000,0.00000000,0.00000000, -1, -1, -1, 500); //object(trafficcone) (96)
	CreateDynamicObject(1238,-1192.79980469,1829.21398926,41.04127884,0.00000000,0.00000000,0.00000000, -1, -1, -1, 500); //object(trafficcone) (97)
	CreateDynamicObject(1238,-1190.01586914,1829.13305664,40.96241760,0.00000000,0.00000000,0.00000000, -1, -1, -1, 500); //object(trafficcone) (98)
	CreateDynamicObject(1238,-1189.31250000,1827.64270020,40.90253067,0.00000000,0.00000000,0.00000000, -1, -1, -1, 500); //object(trafficcone) (99)
	CreateDynamicObject(1238,-1188.62414551,1826.00805664,40.89189148,0.00000000,0.00000000,0.00000000, -1, -1, -1, 500); //object(trafficcone) (100)
	CreateDynamicObject(1238,-1188.07287598,1824.27575684,40.92687225,0.00000000,0.00000000,0.00000000, -1, -1, -1, 500); //object(trafficcone) (101)
	CreateDynamicObject(3578,-429.32812500,1454.16601562,34.07686234,0.00000000,356.49536133,23.81835938, -1, -1, -1, 500); //object(dockbarr1_la) (1)
	CreateDynamicObject(3578,-436.34008789,1457.77343750,33.81765366,0.00000000,0.74536133,282.22351074, -1, -1, -1, 500); //object(dockbarr1_la) (2)
	CreateDynamicObject(3578,-437.81076050,1428.20043945,32.84934235,0.00000000,357.75000000,14.03009033, -1, -1, -1, 500); //object(dockbarr1_la) (3)
	CreateDynamicObject(3578,-429.19854736,1434.15551758,33.75029373,0.00000000,355.25000000,53.90954590, -1, -1, -1, 500); //object(dockbarr1_la) (4)
	CreateDynamicObject(3578,-445.09082031,1432.61511230,32.97794342,0.00000000,1.74780273,284.69982910, -1, -1, -1, 500); //object(dockbarr1_la) (5)
	CreateDynamicObject(1238,-429.48495483,1452.95617676,33.57000351,0.00000000,0.00000000,0.00000000, -1, -1, -1, 500); //object(trafficcone) (103)
	CreateDynamicObject(1238,-428.12054443,1453.21142578,33.62733078,0.00000000,0.00000000,0.00000000, -1, -1, -1, 500); //object(trafficcone) (104)
	CreateDynamicObject(1238,-426.84774780,1453.47521973,33.68293762,0.00000000,0.00000000,0.00000000, -1, -1, -1, 500); //object(trafficcone) (105)
	CreateDynamicObject(1238,-425.47671509,1453.76086426,33.74296188,0.00000000,0.00000000,0.00000000, -1, -1, -1, 500); //object(trafficcone) (106)
	CreateDynamicObject(1238,-424.17297363,1454.01867676,33.79889297,0.00000000,0.00000000,0.00000000, -1, -1, -1, 500); //object(trafficcone) (107)
	CreateDynamicObject(1238,-422.62829590,1454.08483887,33.89249802,0.00000000,0.00000000,0.00000000, -1, -1, -1, 500); //object(trafficcone) (108)
	CreateDynamicObject(1238,-421.29013062,1454.09790039,33.98566055,0.00000000,0.00000000,0.00000000, -1, -1, -1, 500); //object(trafficcone) (109)
	CreateDynamicObject(1238,-419.79193115,1454.10351562,34.08933640,0.00000000,0.00000000,0.00000000, -1, -1, -1, 500); //object(trafficcone) (110)
	CreateDynamicObject(1238,-418.38388062,1454.17663574,34.19150162,0.00000000,0.00000000,0.00000000, -1, -1, -1, 500); //object(trafficcone) (111)
	CreateDynamicObject(3578,-422.10681152,1460.37500000,34.67202377,0.00000000,356.49536133,57.69839478, -1, -1, -1, 500); //object(dockbarr1_la) (6)
	CreateDynamicObject(3578,-434.83615112,1467.08325195,34.05897903,0.00000000,357.73986816,60.19470215, -1, -1, -1, 500); //object(dockbarr1_la) (7)
	CreateDynamicObject(1238,-436.75683594,1454.81835938,33.28911209,0.00000000,0.00000000,0.00000000, -1, -1, -1, 500); //object(trafficcone) (113)
	CreateDynamicObject(1238,-437.63140869,1458.34191895,33.32217026,0.00000000,0.00000000,0.00000000, -1, -1, -1, 500); //object(trafficcone) (114)
	CreateDynamicObject(1238,-437.89251709,1459.99133301,33.34994507,0.00000000,0.00000000,0.00000000, -1, -1, -1, 500); //object(trafficcone) (115)
	CreateDynamicObject(1238,-438.18371582,1462.16882324,33.36187744,0.00000000,0.00000000,0.00000000, -1, -1, -1, 500); //object(trafficcone) (116)
	CreateDynamicObject(1238,-438.42718506,1463.99743652,33.37202835,0.00000000,0.00000000,0.00000000, -1, -1, -1, 500); //object(trafficcone) (117)
	CreateDynamicObject(1238,-438.57431030,1465.70275879,33.39130783,0.00000000,0.00000000,0.00000000, -1, -1, -1, 500); //object(trafficcone) (118)
	CreateDynamicObject(1238,-438.80963135,1467.53686523,33.39830780,0.00000000,0.00000000,0.00000000, -1, -1, -1, 500); //object(trafficcone) (119)
	CreateDynamicObject(1238,-439.08215332,1469.69274902,33.41027451,0.00000000,0.00000000,0.00000000, -1, -1, -1, 500); //object(trafficcone) (120)
	CreateDynamicObject(1238,-425.74859619,1439.56115723,33.72985077,0.00000000,0.00000000,0.00000000, -1, -1, -1, 500); //object(trafficcone) (121)
	CreateDynamicObject(1238,-427.58889771,1438.27734375,33.70862961,0.00000000,0.00000000,0.00000000, -1, -1, -1, 500); //object(trafficcone) (122)
	CreateDynamicObject(1238,-429.40188599,1435.89672852,33.64023972,0.00000000,0.00000000,0.00000000, -1, -1, -1, 500); //object(trafficcone) (123)
	CreateDynamicObject(1238,-428.48941040,1437.13330078,33.67520142,0.00000000,0.00000000,0.00000000, -1, -1, -1, 500); //object(trafficcone) (124)
	CreateDynamicObject(1238,-446.39178467,1438.80383301,32.75362778,0.00000000,0.00000000,0.00000000, -1, -1, -1, 500); //object(trafficcone) (125)
	CreateDynamicObject(1238,-421.79278564,1441.26171875,34.02425766,0.00000000,0.00000000,0.00000000, -1, -1, -1, 500); //object(trafficcone) (126)
	CreateDynamicObject(1238,-419.65194702,1441.43920898,34.37467957,0.00000000,0.00000000,0.00000000, -1, -1, -1, 500); //object(trafficcone) (127)
	CreateDynamicObject(1238,-417.76818848,1440.95617676,34.78400803,0.00000000,0.00000000,0.00000000, -1, -1, -1, 500); //object(trafficcone) (128)
	CreateDynamicObject(1238,-414.79553223,1439.19726562,35.54006195,0.00000000,0.00000000,0.00000000, -1, -1, -1, 500); //object(trafficcone) (129)
	CreateDynamicObject(1238,-416.10882568,1440.00976562,35.21606445,0.00000000,0.00000000,0.00000000, -1, -1, -1, 500); //object(trafficcone) (130)
	CreateDynamicObject(1238,-413.63998413,1438.05017090,35.81256485,0.00000000,0.00000000,0.00000000, -1, -1, -1, 500); //object(trafficcone) (131)
	CreateDynamicObject(1238,-412.67709351,1436.92333984,36.05952072,0.00000000,0.00000000,0.00000000, -1, -1, -1, 500); //object(trafficcone) (132)
	CreateDynamicObject(1238,-411.76757812,1435.45019531,36.27731705,0.00000000,0.00000000,0.00000000, -1, -1, -1, 500); //object(trafficcone) (133)
	CreateDynamicObject(1238,-423.92285156,1440.61328125,33.79348755,0.00000000,0.00000000,0.00000000, -1, -1, -1, 500); //object(trafficcone) (135)
	CreateDynamicObject(1238,-446.80999756,1440.65014648,32.81198502,0.00000000,0.00000000,0.00000000, -1, -1, -1, 500); //object(trafficcone) (136)
	CreateDynamicObject(1238,-447.19412231,1442.30053711,32.86558914,0.00000000,0.00000000,0.00000000, -1, -1, -1, 500); //object(trafficcone) (137)
	CreateDynamicObject(1238,-447.65939331,1444.23071289,32.93051529,0.00000000,0.00000000,0.00000000, -1, -1, -1, 500); //object(trafficcone) (138)
	CreateDynamicObject(1238,-448.15689087,1446.34899902,32.99994278,0.00000000,0.00000000,0.00000000, -1, -1, -1, 500); //object(trafficcone) (139)
	CreateDynamicObject(1238,-448.58569336,1448.49731445,33.08581543,0.00000000,0.00000000,0.00000000, -1, -1, -1, 500); //object(trafficcone) (140)
	CreateDynamicObject(1238,-448.95828247,1450.51098633,33.16319656,0.00000000,0.00000000,0.00000000, -1, -1, -1, 500); //object(trafficcone) (141)
	CreateDynamicObject(1238,-449.34552002,1452.41711426,33.24046707,0.00000000,0.00000000,0.00000000, -1, -1, -1, 500); //object(trafficcone) (142)
	CreateDynamicObject(3578,-522.73980713,2001.16076660,60.23957443,0.00000000,359.98681641,322.43408203, -1, -1, -1, 500); //object(dockbarr1_la) (8)
	CreateDynamicObject(3578,-514.32421875,1995.70214844,60.18918991,0.00000000,0.47790527,332.44628906, -1, -1, -1, 500); //object(dockbarr1_la) (9)
	CreateDynamicObject(3578,-504.90646362,1994.46887207,60.08264923,0.00000000,359.73132324,12.14599609, -1, -1, -1, 500); //object(dockbarr1_la) (10)
	CreateDynamicObject(3578,-496.08386230,1998.59436035,60.13920212,0.00000000,359.73083496,38.17547607, -1, -1, -1, 500); //object(dockbarr1_la) (11)
	CreateDynamicObject(1238,-444.40625000,1767.14453125,71.52536011,0.00000000,0.00000000,0.00000000, -1, -1, -1, 500); //object(trafficcone) (144)
	CreateDynamicObject(1238,-524.42028809,2000.85986328,59.75047302,0.00000000,0.00000000,0.00000000, -1, -1, -1, 500); //object(trafficcone) (145)
	CreateDynamicObject(1238,-522.08728027,1999.15576172,59.72750092,0.00000000,0.00000000,0.00000000, -1, -1, -1, 500); //object(trafficcone) (146)
	CreateDynamicObject(1238,-519.77947998,1997.42724609,59.71958923,0.00000000,0.00000000,0.00000000, -1, -1, -1, 500); //object(trafficcone) (147)
	CreateDynamicObject(1238,-517.24133301,1995.81286621,59.71449661,0.00000000,0.00000000,0.00000000, -1, -1, -1, 500); //object(trafficcone) (148)
	CreateDynamicObject(1238,-514.77441406,1994.52050781,59.69995880,0.00000000,0.00000000,0.00000000, -1, -1, -1, 500); //object(trafficcone) (149)
	CreateDynamicObject(1238,-511.63690186,1993.28576660,59.69192505,0.00000000,0.00000000,0.00000000, -1, -1, -1, 500); //object(trafficcone) (150)
	CreateDynamicObject(1238,-507.92877197,1992.88989258,59.70600510,0.00000000,0.00000000,0.00000000, -1, -1, -1, 500); //object(trafficcone) (151)
	CreateDynamicObject(1238,-505.17623901,1993.16784668,59.70940781,0.00000000,0.00000000,0.00000000, -1, -1, -1, 500); //object(trafficcone) (152)
	CreateDynamicObject(1238,-502.82858276,1993.66870117,59.70271301,0.00000000,0.00000000,0.00000000, -1, -1, -1, 500); //object(trafficcone) (153)
	CreateDynamicObject(1238,-500.35690308,1994.64855957,59.70284271,0.00000000,0.00000000,0.00000000, -1, -1, -1, 500); //object(trafficcone) (154)
	CreateDynamicObject(1238,-498.16323853,1995.96630859,59.69703293,0.00000000,0.00000000,0.00000000, -1, -1, -1, 500); //object(trafficcone) (155)
	CreateDynamicObject(1238,-496.11715698,1997.45837402,59.70262146,0.00000000,0.00000000,0.00000000, -1, -1, -1, 500); //object(trafficcone) (156)
	CreateDynamicObject(1238,-494.03836060,1999.16101074,59.69540787,0.00000000,0.00000000,0.00000000, -1, -1, -1, 500); //object(trafficcone) (157)
	CreateDynamicObject(1238,-491.70294189,2000.94079590,59.68320847,0.00000000,0.00000000,0.00000000, -1, -1, -1, 500); //object(trafficcone) (158)
	CreateDynamicObject(1238,-386.63052368,2066.59008789,60.68178940,0.00000000,0.00000000,0.00000000, -1, -1, -1, 500); //object(trafficcone) (159)
	CreateDynamicObject(1238,-386.14294434,2062.94238281,60.79083633,0.00000000,0.00000000,0.00000000, -1, -1, -1, 500); //object(trafficcone) (160)
	CreateDynamicObject(1238,-386.42501831,2064.87451172,60.73772812,0.00000000,0.00000000,0.00000000, -1, -1, -1, 500); //object(trafficcone) (161)
	CreateDynamicObject(1238,-387.88049316,2068.47143555,60.71331406,0.00000000,0.00000000,0.00000000, -1, -1, -1, 500); //object(trafficcone) (162)
	CreateDynamicObject(1238,-389.20748901,2070.44140625,60.74465942,0.00000000,0.00000000,0.00000000, -1, -1, -1, 500); //object(trafficcone) (163)
	CreateDynamicObject(1238,-391.40258789,2071.92871094,60.84858322,0.00000000,0.00000000,0.00000000, -1, -1, -1, 500); //object(trafficcone) (164)
	CreateDynamicObject(1238,-393.96002197,2073.52563477,60.97150803,0.00000000,0.00000000,0.00000000, -1, -1, -1, 500); //object(trafficcone) (165)
	CreateDynamicObject(1238,-396.15493774,2074.01269531,61.06187057,0.00000000,0.00000000,0.00000000, -1, -1, -1, 500); //object(trafficcone) (166)
	CreateDynamicObject(1238,-398.24783325,2074.44824219,61.15090942,0.00000000,0.00000000,0.00000000, -1, -1, -1, 500); //object(trafficcone) (167)
	CreateDynamicObject(1238,-400.32510376,2074.07934570,61.20795059,0.00000000,0.00000000,0.00000000, -1, -1, -1, 500); //object(trafficcone) (168)
	CreateDynamicObject(1238,-387.09399414,2060.92822266,60.97390366,0.00000000,0.00000000,0.00000000, -1, -1, -1, 500); //object(trafficcone) (169)
	CreateDynamicObject(1238,-388.18667603,2058.68041992,61.18070602,0.00000000,0.00000000,0.00000000, -1, -1, -1, 500); //object(trafficcone) (170)
	CreateDynamicObject(1238,-402.39727783,2072.38623047,61.18371964,0.00000000,0.00000000,0.00000000, -1, -1, -1, 500); //object(trafficcone) (171)
	CreateDynamicObject(3578,-1206.24963379,1807.83032227,41.39677811,0.00000000,359.00000000,348.09008789, -1, -1, -1, 500); //object(dockbarr1_la) (12)
	CreateDynamicObject(3578,-1189.46313477,1824.96166992,41.29677200,0.00000000,358.99475098,111.69689941, -1, -1, -1, 500); //object(dockbarr1_la) (13)
	CreateDynamicObject(1238,-1190.09997559,1805.26232910,40.57626724,0.00000000,0.00000000,0.00000000, -1, -1, -1, 500); //object(trafficcone) (173)
	CreateDynamicObject(1238,-1188.79541016,1805.61743164,40.49301910,0.00000000,0.00000000,0.00000000, -1, -1, -1, 500); //object(trafficcone) (174)
	CreateDynamicObject(1238,-1187.65368652,1806.46533203,40.28964615,0.00000000,0.00000000,0.00000000, -1, -1, -1, 500); //object(trafficcone) (175)
	CreateDynamicObject(1238,-1186.72534180,1807.30383301,40.18196487,0.00000000,0.00000000,0.00000000, -1, -1, -1, 500); //object(trafficcone) (176)
	CreateDynamicObject(1238,-1186.48571777,1808.56909180,40.22687149,0.00000000,0.00000000,0.00000000, -1, -1, -1, 500); //object(trafficcone) (177)
	CreateDynamicObject(3578,-1196.17871094,1806.01074219,41.42924500,0.00000000,358.99475098,350.06835938, -1, -1, -1, 500); //object(dockbarr1_la) (14)
	CreateDynamicObject(3578,-1187.10168457,1815.17883301,40.84790421,0.00000000,355.74475098,95.76757812, -1, -1, -1, 500); //object(dockbarr1_la) (15)
	CreateDynamicObject(3666,-1190.07800293,1806.05383301,41.06153488,0.00000000,0.00000000,0.00000000, -1, -1, -1, 500); //object(airuntest_las) (1)
	CreateDynamicObject(3666,-1188.27099609,1807.09741211,40.84122086,0.00000000,0.00000000,0.00000000, -1, -1, -1, 500); //object(airuntest_las) (2)
	CreateDynamicObject(3666,-1187.36889648,1809.07434082,40.81756210,0.00000000,0.00000000,0.00000000, -1, -1, -1, 500); //object(airuntest_las) (3)
	CreateDynamicObject(3578,-1203.14025879,1814.94702148,41.49678421,0.00000000,359.99279785,41.22232056, -1, -1, -1, 500); //object(dockbarr1_la) (16)
	CreateDynamicObject(3578,-1175.04187012,1825.85009766,41.07067108,0.50000000,358.49279785,103.42221069, -1, -1, -1, 500); //object(dockbarr1_la) (17)
	CreateDynamicObject(1238,-1173.47851562,1808.95251465,40.09241867,0.00000000,0.00000000,0.00000000, -1, -1, -1, 500); //object(trafficcone) (180)
	CreateDynamicObject(1238,-1173.42248535,1807.76098633,40.05176544,0.00000000,0.00000000,0.00000000, -1, -1, -1, 500); //object(trafficcone) (181)
	CreateDynamicObject(1238,-1172.73461914,1806.57019043,39.85988617,0.00000000,0.00000000,0.00000000, -1, -1, -1, 500); //object(trafficcone) (182)
	CreateDynamicObject(1238,-1171.93237305,1805.40686035,39.66891479,0.00000000,0.00000000,0.00000000, -1, -1, -1, 500); //object(trafficcone) (183)
	CreateDynamicObject(1238,-1170.75915527,1804.95959473,39.59871674,0.00000000,0.00000000,0.00000000, -1, -1, -1, 500); //object(trafficcone) (184)
	CreateDynamicObject(1238,-1169.22302246,1804.50878906,39.50703812,0.00000000,0.00000000,0.00000000, -1, -1, -1, 500); //object(trafficcone) (185)
	CreateDynamicObject(3881,-1195.17529297,1823.60461426,42.57031250,0.00000000,0.00000000,312.18017578, -1, -1, -1, 500); //object(airsecbooth_sfse) (1)
	CreateDynamicObject(8877,-1208.39782715,1811.22241211,46.81303024,0.00000000,0.00000000,69.97027588, -1, -1, -1, 500); //object(vgsecnstrct10) (1)
	CreateDynamicObject(8877,-1198.69726562,1819.81933594,46.81303024,0.00000000,0.00000000,107.81433105, -1, -1, -1, 500); //object(vgsecnstrct10) (2)
	CreateDynamicObject(3578,-1173.50683594,1815.43652344,40.81965256,0.00000000,357.98950195,93.01025391, -1, -1, -1, 500); //object(dockbarr1_la) (18)
	CreateDynamicObject(3578,-1203.35485840,1838.27185059,41.42177963,0.00000000,0.73913574,33.28073120, -1, -1, -1, 500); //object(dockbarr1_la) (19)
	CreateDynamicObject(3578,-1194.16320801,1842.53369141,41.29151154,0.00000000,0.73913574,15.41265869, -1, -1, -1, 500); //object(dockbarr1_la) (20)
	CreateDynamicObject(3578,-1184.74316406,1841.82324219,41.26271439,0.00000000,359.48913574,335.61840820, -1, -1, -1, 500); //object(dockbarr1_la) (21)
	CreateDynamicObject(3666,-1212.03503418,1830.52209473,41.44337082,0.00000000,0.00000000,0.00000000, -1, -1, -1, 500); //object(airuntest_las) (5)
	CreateDynamicObject(3666,-1210.59130859,1832.02478027,41.44337082,0.00000000,0.00000000,0.00000000, -1, -1, -1, 500); //object(airuntest_las) (6)
	CreateDynamicObject(3666,-1208.97546387,1833.67419434,41.44337082,0.00000000,0.00000000,0.00000000, -1, -1, -1, 500); //object(airuntest_las) (7)
	CreateDynamicObject(3666,-1179.40209961,1837.99792480,41.23948669,0.00000000,0.00000000,0.00000000, -1, -1, -1, 500); //object(airuntest_las) (8)
	CreateDynamicObject(3666,-1178.10937500,1835.35314941,41.19092178,0.00000000,0.00000000,0.00000000, -1, -1, -1, 500); //object(airuntest_las) (9)
	CreateDynamicObject(3666,-1177.09582520,1832.98876953,41.11936951,0.00000000,0.00000000,0.00000000, -1, -1, -1, 500); //object(airuntest_las) (10)
	CreateDynamicObject(3666,-1172.51855469,1808.61279297,40.48425293,0.00000000,0.00000000,0.00000000, -1, -1, -1, 500); //object(airuntest_las) (12)
	CreateDynamicObject(3666,-1171.57922363,1806.35681152,40.23564529,0.00000000,0.00000000,0.00000000, -1, -1, -1, 500); //object(airuntest_las) (13)
	CreateDynamicObject(3666,-1169.52856445,1805.42651367,40.20518112,0.00000000,0.00000000,0.00000000, -1, -1, -1, 500); //object(airuntest_las) (14)
	CreateDynamicObject(3578,-1150.32690430,1792.72509766,40.18971252,0.00000000,356.23901367,7.60571289, -1, -1, -1, 500); //object(dockbarr1_la) (22)
	CreateDynamicObject(3578,-1181.04907227,1791.79663086,40.34969711,0.00000000,1.98852539,0.60424805, -1, -1, -1, 500); //object(dockbarr1_la) (23)
	CreateDynamicObject(3578,-1170.84960938,1791.89453125,39.98836136,0.00000000,1.98852539,0.60424805, -1, -1, -1, 500); //object(dockbarr1_la) (24)
	CreateDynamicObject(3578,-1160.59375000,1791.99804688,39.82629395,0.00000000,359.73632812,0.60424805, -1, -1, -1, 500); //object(dockbarr1_la) (25)
	CreateDynamicObject(3578,-1223.08886719,1816.34436035,41.33303070,0.00000000,358.48608398,73.11254883, -1, -1, -1, 500); //object(dockbarr1_la) (26)
	CreateDynamicObject(3578,-1224.66125488,1806.36364746,41.11954880,0.00000000,359.23388672,88.98846436, -1, -1, -1, 500); //object(dockbarr1_la) (27)
	CreateDynamicObject(3578,-1220.79089355,1798.47851562,41.11045456,359.25000000,1.22839355,143.47875977, -1, -1, -1, 500); //object(dockbarr1_la) (28)
	CreateDynamicObject(3666,-1215.59838867,1795.38378906,41.18933105,0.00000000,0.00000000,0.00000000, -1, -1, -1, 500); //object(airuntest_las) (16)
	CreateDynamicObject(3666,-1213.91845703,1795.08068848,41.21792984,0.00000000,0.00000000,0.00000000, -1, -1, -1, 500); //object(airuntest_las) (17)
	CreateDynamicObject(3666,-1212.31701660,1794.85754395,41.23337936,0.00000000,0.00000000,0.00000000, -1, -1, -1, 500); //object(airuntest_las) (18)
	CreateDynamicObject(3666,-1187.27478027,1792.02880859,40.54842377,0.00000000,0.00000000,0.00000000, -1, -1, -1, 500); //object(airuntest_las) (19)
	CreateDynamicObject(3666,-1188.79711914,1792.07104492,40.64556503,0.00000000,0.00000000,0.00000000, -1, -1, -1, 500); //object(airuntest_las) (20)
	CreateDynamicObject(3666,-1190.38842773,1792.12390137,40.73072052,0.00000000,0.00000000,0.00000000, -1, -1, -1, 500); //object(airuntest_las) (21)
	CreateDynamicObject(3666,-1144.30712891,1793.39733887,40.14059448,0.00000000,0.00000000,0.00000000, -1, -1, -1, 500); //object(airuntest_las) (22)
	CreateDynamicObject(3666,-1142.94299316,1793.59289551,40.22418594,0.00000000,0.00000000,0.00000000, -1, -1, -1, 500); //object(airuntest_las) (23)
	CreateDynamicObject(3666,-1141.56884766,1793.82983398,40.30499268,0.00000000,0.00000000,0.00000000, -1, -1, -1, 500); //object(airuntest_las) (24)
	CreateDynamicObject(3578,-1163.35729980,1805.08544922,39.80556870,0.00000000,359.73852539,3.07421875, -1, -1, -1, 500); //object(dockbarr1_la) (29)
	CreateDynamicObject(3666,-1157.32666016,1805.33874512,39.83976364,0.00000000,0.00000000,0.00000000, -1, -1, -1, 500); //object(airuntest_las) (26)
	CreateDynamicObject(3666,-1155.82202148,1805.44335938,39.86398697,0.00000000,0.00000000,0.00000000, -1, -1, -1, 500); //object(airuntest_las) (27)
	CreateDynamicObject(3666,-1154.69860840,1805.51696777,39.88013840,0.00000000,0.00000000,0.00000000, -1, -1, -1, 500); //object(airuntest_las) (28)
	CreateDynamicObject(1238,-1153.82324219,1805.11962891,39.50153732,0.00000000,0.00000000,0.00000000, -1, -1, -1, 500); //object(trafficcone) (187)
	CreateDynamicObject(1238,-1152.62561035,1805.18664551,39.51382446,0.00000000,0.00000000,0.00000000, -1, -1, -1, 500); //object(trafficcone) (188)
	CreateDynamicObject(1238,-1151.46472168,1805.38085938,39.55514526,0.00000000,0.00000000,0.00000000, -1, -1, -1, 500); //object(trafficcone) (189)
	CreateDynamicObject(1238,-1211.43981934,1794.95190430,41.00743484,0.00000000,0.00000000,0.00000000, -1, -1, -1, 500); //object(trafficcone) (190)
	CreateDynamicObject(1238,-1210.66503906,1794.14379883,41.14223480,0.00000000,0.00000000,0.00000000, -1, -1, -1, 500); //object(trafficcone) (191)
	CreateDynamicObject(1238,-1209.83471680,1793.07165527,41.29706955,0.00000000,0.00000000,0.00000000, -1, -1, -1, 500); //object(trafficcone) (192)
	CreateDynamicObject(1238,-1191.21972656,1791.87658691,40.63012314,0.00000000,0.00000000,0.00000000, -1, -1, -1, 500); //object(trafficcone) (194)
	CreateDynamicObject(1238,-1192.47326660,1791.43811035,40.78544617,0.00000000,0.00000000,0.00000000, -1, -1, -1, 500); //object(trafficcone) (195)
	CreateDynamicObject(1238,-1193.82189941,1790.99511719,40.94126892,0.00000000,0.00000000,0.00000000, -1, -1, -1, 500); //object(trafficcone) (196)
	CreateDynamicObject(1238,-1196.22619629,1790.87792969,41.04587555,0.00000000,0.00000000,0.00000000, -1, -1, -1, 500); //object(trafficcone) (197)
	CreateDynamicObject(1238,-1198.01354980,1791.22045898,41.09123230,0.00000000,0.00000000,0.00000000, -1, -1, -1, 500); //object(trafficcone) (198)
	CreateDynamicObject(1238,-1199.75390625,1791.54931641,41.13541031,0.00000000,0.00000000,0.00000000, -1, -1, -1, 500); //object(trafficcone) (199)
	CreateDynamicObject(1238,-1201.63012695,1791.83752441,41.18321228,0.00000000,0.00000000,0.00000000, -1, -1, -1, 500); //object(trafficcone) (200)
	CreateDynamicObject(1238,-1203.67065430,1792.24743652,41.23494339,0.00000000,0.00000000,0.00000000, -1, -1, -1, 500); //object(trafficcone) (201)
	CreateDynamicObject(1238,-1205.69091797,1792.57214355,41.28638077,0.00000000,0.00000000,0.00000000, -1, -1, -1, 500); //object(trafficcone) (202)
	CreateDynamicObject(1238,-1207.79577637,1792.90185547,41.32258987,0.00000000,0.00000000,0.00000000, -1, -1, -1, 500); //object(trafficcone) (203)
	CreateDynamicObject(16337,-311.55902100,1505.95104980,74.57015228,0.00000000,0.00000000,1.98498535, -1, -1, -1, 500); //object(des_cranecontrol) (1)
	CreateDynamicObject(3281,-309.35354614,1325.44799805,54.31383133,0.00000000,1.75000000,263.51110840, -1, -1, -1, 500); //object(mtb_banner1) (9)
	CreateDynamicObject(3281,-308.95117188,1329.04003906,54.40844727,0.00000000,1.24694824,263.50708008, -1, -1, -1, 500); //object(mtb_banner1) (9)
	CreateDynamicObject(3281,-317.88067627,1310.51647949,53.45265198,0.00000000,3.24694824,211.80712891, -1, -1, -1, 500); //object(mtb_banner1) (9)
	CreateDynamicObject(3281,-309.77441406,1321.89746094,54.13737488,0.00000000,4.24694824,263.50708008, -1, -1, -1, 500); //object(mtb_banner1) (9)
	CreateDynamicObject(3281,-311.02734375,1318.69726562,53.97315979,0.00000000,2.74658203,233.72863770, -1, -1, -1, 500); //object(mtb_banner1) (9)
	CreateDynamicObject(3281,-313.16210938,1315.79980469,53.77481842,0.00000000,2.74658203,233.72863770, -1, -1, -1, 500); //object(mtb_banner1) (9)
	CreateDynamicObject(3281,-315.29101562,1312.90917969,53.60891342,0.00000000,2.74658203,233.72863770, -1, -1, -1, 500); //object(mtb_banner1) (9)
	CreateDynamicObject(3877,-307.36523438,1402.62597656,71.06864929,0.00000000,0.00000000,7.93762207, -1, -1, -1, 500); //object(sf_rooflite) (1)
	CreateDynamicObject(3877,-304.97265625,1388.14843750,73.13910675,0.00000000,0.00000000,7.93212891, -1, -1, -1, 500); //object(sf_rooflite) (2)
	CreateDynamicObject(3877,-368.18917847,1456.16052246,63.31073761,0.00000000,0.00000000,27.78753662, -1, -1, -1, 500); //object(sf_rooflite) (3)
	CreateDynamicObject(3877,-374.93087769,1468.71411133,63.14639282,0.00000000,0.00000000,27.78442383, -1, -1, -1, 500); //object(sf_rooflite) (4)
	CreateDynamicObject(3877,-328.87109375,1323.66699219,53.61922836,0.00000000,0.00000000,27.77893066, -1, -1, -1, 500); //object(sf_rooflite) (6)
	CreateDynamicObject(3877,-412.68835449,1908.95458984,58.72234344,0.00000000,0.00000000,9.91949463, -1, -1, -1, 500); //object(sf_rooflite) (7)
	CreateDynamicObject(3877,-847.36132812,1820.80432129,60.81600189,0.00000000,0.00000000,9.91516113, -1, -1, -1, 500); //object(sf_rooflite) (8)
	CreateDynamicObject(3877,-390.88085938,2070.38671875,62.23809052,0.00000000,0.00000000,9.91516113, -1, -1, -1, 500); //object(sf_rooflite) (9)
	CreateDynamicObject(1262,-295.58764648,1507.24853516,76.91493225,0.00000000,0.00000000,0.00000000, -1, -1, -1, 500); //object(mtraffic4) (3)
	CreateDynamicObject(1262,-302.66888428,1507.29016113,76.13655090,0.00000000,0.00000000,0.00000000, -1, -1, -1, 500); //object(mtraffic4) (3)
	CreateDynamicObject(1262,-301.57421875,1507.27343750,76.11489105,0.00000000,0.00000000,0.00000000, -1, -1, -1, 500); //object(mtraffic4) (3)
	CreateDynamicObject(1262,-308.69650269,1507.26525879,76.97837830,0.00000000,0.00000000,0.00000000, -1, -1, -1, 500); //object(mtraffic4) (3)
	CreateDynamicObject(3877,-446.07519531,1768.00976562,72.94361115,0.00000000,0.00000000,9.91516113, -1, -1, -1, 500); //object(sf_rooflite) (8)
	CreateDynamicObject(3877,-939.33984375,1791.21313477,60.92319107,0.00000000,0.00000000,9.91516113, -1, -1, -1, 500); //object(sf_rooflite) (8)
	CreateDynamicObject(3877,-928.68487549,1804.89440918,61.43984985,0.00000000,0.00000000,9.91516113, -1, -1, -1, 500); //object(sf_rooflite) (8)
	CreateDynamicObject(3877,-865.02722168,1825.70458984,61.53115845,0.00000000,0.00000000,9.91516113, -1, -1, -1, 500); //object(sf_rooflite) (8)
	CreateDynamicObject(1262,-302.50683594,1490.99804688,81.49121094,0.00000000,0.00000000,0.00000000, -1, -1, -1, 500); //object(mtraffic4) (4)
	CreateDynamicObject(3877,-424.33273315,1439.34069824,35.12869644,0.00000000,0.00000000,27.77343750, -1, -1, -1, 500); //object(sf_rooflite) (6)
	CreateDynamicObject(3877,-436.23208618,1462.43627930,34.88134003,0.00000000,0.00000000,27.77893066, -1, -1, -1, 500); //object(sf_rooflite) (6)
	CreateDynamicObject(3877,-434.13494873,1453.46398926,34.75504303,0.00000000,0.00000000,27.77893066, -1, -1, -1, 500); //object(sf_rooflite) (6)
	CreateDynamicObject(3877,-425.24005127,1457.25317383,35.38695908,0.00000000,0.00000000,27.77893066, -1, -1, -1, 500); //object(sf_rooflite) (6)
	CreateDynamicObject(3877,-528.98156738,1988.35778809,61.05636597,0.00000000,0.00000000,55.70391846, -1, -1, -1, 500); //object(sf_rooflite) (6)
	CreateDynamicObject(1238,-527.30340576,1987.25964355,59.70880508,0.00000000,0.00000000,0.00000000, -1, -1, -1, 500); //object(trafficcone) (149)
	CreateDynamicObject(1238,-525.23895264,1986.18078613,59.70880508,0.00000000,0.00000000,0.00000000, -1, -1, -1, 500); //object(trafficcone) (149)
	CreateDynamicObject(1238,-523.03851318,1985.22106934,59.70880508,0.00000000,0.00000000,0.00000000, -1, -1, -1, 500); //object(trafficcone) (149)
	CreateDynamicObject(1238,-520.37188721,1984.39160156,59.70880508,0.00000000,0.00000000,0.00000000, -1, -1, -1, 500); //object(trafficcone) (149)
	CreateDynamicObject(3877,-379.62057495,2084.28173828,61.55606842,0.00000000,0.00000000,9.91516113, -1, -1, -1, 500); //object(sf_rooflite) (9)
	CreateDynamicObject(621,-295.53952026,1370.91113281,68.22042847,0.00000000,0.00000000,0.00000000, -1, -1, -1, 500); //object(veg_palm02) (1)
	CreateDynamicObject(621,-315.51074219,1383.60351562,69.99920654,0.00000000,0.00000000,0.00000000, -1, -1, -1, 500); //object(veg_palm02) (2)
	CreateDynamicObject(621,-343.27966309,1309.76293945,44.97257233,0.00000000,0.00000000,0.00000000, -1, -1, -1, 500); //object(veg_palm02) (3)
	CreateDynamicObject(621,-316.47247314,1343.30993652,49.95304108,0.00000000,0.00000000,0.00000000, -1, -1, -1, 500); //object(veg_palm02) (4)
	CreateDynamicObject(621,-431.61810303,1459.88183594,32.43209457,0.00000000,0.00000000,0.00000000, -1, -1, -1, 500); //object(veg_palm02) (5)
	CreateDynamicObject(621,-428.97116089,1429.00268555,31.81048203,0.00000000,0.00000000,0.00000000, -1, -1, -1, 500); //object(veg_palm02) (6)
	CreateDynamicObject(621,-385.32354736,1751.18444824,42.03387451,0.00000000,0.00000000,0.00000000, -1, -1, -1, 500); //object(veg_palm02) (7)
	CreateDynamicObject(621,-444.47207642,1873.98876953,60.19545746,0.00000000,0.00000000,0.00000000, -1, -1, -1, 500); //object(veg_palm02) (8)
	CreateDynamicObject(621,-474.89385986,1762.97558594,71.22278595,0.00000000,0.00000000,0.00000000, -1, -1, -1, 500); //object(veg_palm02) (9)
	CreateDynamicObject(621,-492.08099365,1940.06262207,85.02601624,0.00000000,0.00000000,0.00000000, -1, -1, -1, 500); //object(veg_palm02) (10)
	CreateDynamicObject(621,-521.00421143,2005.40417480,57.17543030,0.00000000,0.00000000,0.00000000, -1, -1, -1, 500); //object(veg_palm02) (11)
	CreateDynamicObject(621,-504.16714478,1997.29846191,59.07496643,0.00000000,0.00000000,0.00000000, -1, -1, -1, 500); //object(veg_palm02) (12)
	CreateDynamicObject(621,-861.78454590,1846.04089355,58.81469727,0.00000000,0.00000000,0.00000000, -1, -1, -1, 500); //object(veg_palm02) (13)
	CreateDynamicObject(621,-1146.67846680,1789.87744141,37.65126801,0.00000000,0.00000000,0.00000000, -1, -1, -1, 500); //object(veg_palm02) (14)
	CreateDynamicObject(621,-953.76660156,1789.92871094,59.59924316,0.00000000,0.00000000,0.00000000, -1, -1, -1, 500); //object(veg_palm02) (16)
	CreateDynamicObject(621,-1191.36242676,1816.72058105,40.08773804,0.00000000,0.00000000,0.00000000, -1, -1, -1, 500); //object(veg_palm02) (17)
	CreateDynamicObject(621,-465.06176758,1632.40600586,37.96423340,0.00000000,0.00000000,0.00000000, -1, -1, -1, 500); //object(veg_palm02) (18)
	CreateDynamicObject(3877,-304.94192505,1403.70166016,71.06864929,0.00000000,0.00000000,41.19763184, -1, -1, -1, 500); //object(sf_rooflite) (1)
	CreateDynamicObject(3877,-297.26113892,1390.92309570,73.15921021,0.00000000,0.00000000,39.69213867, -1, -1, -1, 500); //object(sf_rooflite) (2)
	CreateDynamicObject(1238,-296.34167480,1391.78161621,71.80731201,0.00000000,0.00000000,0.00000000, -1, -1, -1, 500); //object(trafficcone) (5)
	CreateDynamicObject(1238,-299.74359131,1389.87988281,71.80529785,0.00000000,0.00000000,0.00000000, -1, -1, -1, 500); //object(trafficcone) (5)
	CreateDynamicObject(1238,-300.93270874,1389.31774902,71.80473328,0.00000000,0.00000000,0.00000000, -1, -1, -1, 500); //object(trafficcone) (5)
	CreateDynamicObject(1238,-302.09606934,1388.82727051,71.79910278,0.00000000,0.00000000,0.00000000, -1, -1, -1, 500); //object(trafficcone) (5)
	CreateDynamicObject(1238,-306.67926025,1388.08142090,71.76097107,0.00000000,0.00000000,0.00000000, -1, -1, -1, 500); //object(trafficcone) (5)
	CreateDynamicObject(3877,-292.17950439,1396.24768066,73.13610840,0.00000000,0.00000000,61.52310181, -1, -1, -1, 500); //object(sf_rooflite) (2)
	CreateDynamicObject(1238,-298.62402344,1390.43652344,71.80345917,0.00000000,0.00000000,0.00000000, -1, -1, -1, 500); //object(trafficcone) (5)
	CreateDynamicObject(1238,-295.47668457,1392.58569336,71.80329132,0.00000000,0.00000000,0.00000000, -1, -1, -1, 500); //object(trafficcone) (5)
	CreateDynamicObject(1238,-294.63513184,1393.41345215,71.79621124,0.00000000,0.00000000,0.00000000, -1, -1, -1, 500); //object(trafficcone) (5)
	CreateDynamicObject(1238,-293.74603271,1394.24108887,71.79283905,0.00000000,0.00000000,0.00000000, -1, -1, -1, 500); //object(trafficcone) (5)
	CreateDynamicObject(1238,-292.87374878,1395.19189453,71.78670502,0.00000000,0.00000000,0.00000000, -1, -1, -1, 500); //object(trafficcone) (5)
	CreateDynamicObject(3877,-312.93441772,1388.06091309,73.04767609,0.00000000,0.00000000,354.04263306, -1, -1, -1, 500); //object(sf_rooflite) (2)
	CreateDynamicObject(1238,-303.31445312,1388.49707031,71.79511261,0.00000000,0.00000000,0.00000000, -1, -1, -1, 500); //object(trafficcone) (5)
	CreateDynamicObject(1238,-308.31988525,1388.02124023,71.74224854,0.00000000,0.00000000,0.00000000, -1, -1, -1, 500); //object(trafficcone) (5)
	CreateDynamicObject(1238,-309.71313477,1387.93469238,71.73980713,0.00000000,0.00000000,0.00000000, -1, -1, -1, 500); //object(trafficcone) (5)
	CreateDynamicObject(1238,-311.14431763,1387.88061523,71.73245239,0.00000000,0.00000000,0.00000000, -1, -1, -1, 500); //object(trafficcone) (5)
	CreateDynamicObject(3877,-418.40933228,1439.77856445,35.98358917,0.00000000,0.00000000,27.77343750, -1, -1, -1, 500); //object(sf_rooflite) (6)
	CreateDynamicObject(3877,-413.63034058,1436.82849121,37.40474701,0.00000000,0.00000000,27.77343750, -1, -1, -1, 500); //object(sf_rooflite) (6)
	CreateDynamicObject(3877,-384.72830200,1363.85253906,46.30185699,0.00000000,0.00000000,27.77343750, -1, -1, -1, 500); //object(sf_rooflite) (6)
	CreateDynamicObject(3877,-381.35388184,1357.90637207,47.10634995,0.00000000,0.00000000,27.77343750, -1, -1, -1, 500); //object(sf_rooflite) (6)
	CreateDynamicObject(3877,-378.06384277,1351.73547363,47.77257156,0.00000000,0.00000000,27.77343750, -1, -1, -1, 500); //object(sf_rooflite) (6)
	CreateDynamicObject(3877,-375.07989502,1345.40417480,48.28903198,0.00000000,0.00000000,27.77343750, -1, -1, -1, 500); //object(sf_rooflite) (6)
	CreateDynamicObject(1238,-375.60992432,1346.56201172,46.94561386,0.00000000,0.00000000,0.00000000, -1, -1, -1, 500); //object(trafficcone) (133)
	CreateDynamicObject(1238,-376.23016357,1347.92248535,46.83348846,0.00000000,0.00000000,0.00000000, -1, -1, -1, 500); //object(trafficcone) (133)
	CreateDynamicObject(1238,-376.91149902,1349.22839355,46.70853043,0.00000000,0.00000000,0.00000000, -1, -1, -1, 500); //object(trafficcone) (133)
	CreateDynamicObject(1238,-377.60449219,1350.42443848,46.58018494,0.00000000,0.00000000,0.00000000, -1, -1, -1, 500); //object(trafficcone) (133)
	CreateDynamicObject(1238,-378.69189453,1352.94714355,46.38490677,0.00000000,0.00000000,0.00000000, -1, -1, -1, 500); //object(trafficcone) (133)
	CreateDynamicObject(1238,-379.25885010,1354.11096191,46.28165817,0.00000000,0.00000000,0.00000000, -1, -1, -1, 500); //object(trafficcone) (133)
	CreateDynamicObject(1238,-380.02178955,1355.27270508,46.13888931,0.00000000,0.00000000,0.00000000, -1, -1, -1, 500); //object(trafficcone) (133)
	CreateDynamicObject(1238,-380.66461182,1356.49621582,46.00544739,0.00000000,0.00000000,0.00000000, -1, -1, -1, 500); //object(trafficcone) (133)
	CreateDynamicObject(1238,-382.09490967,1359.04357910,45.67333221,0.00000000,0.00000000,0.00000000, -1, -1, -1, 500); //object(trafficcone) (133)
	CreateDynamicObject(1238,-382.73245239,1360.12292480,45.52886200,0.00000000,0.00000000,0.00000000, -1, -1, -1, 500); //object(trafficcone) (133)
	CreateDynamicObject(1238,-383.37261963,1361.20678711,45.38379288,0.00000000,0.00000000,0.00000000, -1, -1, -1, 500); //object(trafficcone) (133)
	CreateDynamicObject(1238,-384.01354980,1362.39440918,45.23203659,0.00000000,0.00000000,0.00000000, -1, -1, -1, 500); //object(trafficcone) (133)
	CreateDynamicObject(1238,-386.21295166,1365.00341797,44.80448532,0.00000000,0.00000000,0.00000000, -1, -1, -1, 500); //object(trafficcone) (133)
	CreateDynamicObject(1238,-387.56280518,1365.90478516,44.58656693,0.00000000,0.00000000,0.00000000, -1, -1, -1, 500); //object(trafficcone) (133)
	CreateDynamicObject(1238,-389.02658081,1366.71411133,44.36094284,0.00000000,0.00000000,0.00000000, -1, -1, -1, 500); //object(trafficcone) (133)
	CreateDynamicObject(1238,-374.63354492,1343.92321777,47.11741638,0.00000000,0.00000000,0.00000000, -1, -1, -1, 500); //object(trafficcone) (133)
	CreateDynamicObject(1238,-374.79373169,1342.55847168,47.07221222,0.00000000,0.00000000,0.00000000, -1, -1, -1, 500); //object(trafficcone) (133)
	CreateDynamicObject(1238,-375.11560059,1341.15759277,46.99407959,0.00000000,0.00000000,0.00000000, -1, -1, -1, 500); //object(trafficcone) (133)